
mat = zeros(10);
mat(1,1) = -100;
mat(9,9) = 100;
mat(5,5) = -200;
mat(2,2) = 20;
